L = 0.02, d = 1, eps = 0.03484, eo = -2.0104e-16, a = 23.0599, w = 2.9638, Gjw = 18.1112 <-3.1401

L = 0.02, d = 1, eps = 0.0054706, eo = -7.3455e-16, a = 23.9978, w = 2.9088, Gjw = 18.8478 <-3.1414

L = 0.02, d = 1, eps = 0.0027468, eo = 1.0009e-14, a = 24.3, w = 2.8302, Gjw = 19.0852 <-3.1415

------

w = 2.8998, Gjw = 18.6814 <-3.1410

dw = -0.0948
dr = 22.0009 - 18.6814 = 3.3195
dphi = -2.7800 - -3.1410 = 0.3610
dr/dw = -35.0158
dphi/dw = -3.8080

Ku = 0.053529
Tu = 2.16676

Zigler Nichols

kp = 0.0321174
ti = 1.08341
td = 0.27085

Tyreus Luyben

kp = 0.0243313
ti = 4.766969
td = 0.343936