L = 0.02, d = 0.7, eps = 19.8489, eo = -2.951e-15, a = 27.4647, w = 2.5132, Gjw = 30.8154 <-2.3339

L = 0.02, d = 0.7, eps = 20.0025, eo = -1.0308e-14, a = 28.45, w = 2.6852, Gjw = 31.9208 <-2.3619

L = 0.02, d = 0.7, eps = 20.0025, eo = -1.0308e-14, a = 28.45, w = 2.6852, Gjw = 31.9208 <-2.3619

------

w = 2.5132, Gjw = 31.5496 <-2.3528

PID encubadora Anexo B (loop shaping)

kp = 0.0513383
ti = 2.06226
td = 0.46834